0.969711680720383
-0.270858467962897
-0.420065293037018
-0.154723258755721
2.62867622548779
2.46331814615307
-0.420065293037018
1.04739152264042
1.04508420060319
0.455947973764133
2.07953358062737
0.468253691296019
-0.703096796270401
0.106773238796862
-1.0384275990143
-0.152415936718492
1.72189866485693
0.462869939875819
-1.17455959921079
0.0706251935469459
1.09892171480519
-0.289317044260726
3.1362870736781
1.00278329658733
-0.0839653829473752
0.685911070141257
0.61207676494994
-1.13610423192365
0.436720290120561
-0.916908638386924
2.07491893655292
-1.20455478569476
0.817428426263291
-1.05919349734936
-0.473133699893277
-0.390839213898788
1.14276083351253
2.18643950168563
1.62729846133055
-0.0408953715857732
-0.850765406653036
-0.777700208807461
0.179838436642436
-1.08995779117907
-0.877684163754037
0.652839454274313
-1.05073331654619
1.24582121784208
0.752823409220889
0.37519170246113
-1.01535437864201
-0.0816580609101464
0.941254708927896
-0.47928655865922
-0.983820977466555
2.25950469953121
1.20813495790068
0.405955996290846
-0.00167089695288604
-0.49005406149962
0.826657714412206
-0.65233571145137
0.703600539093344
-0.527740321441022
-0.137802897149377
0.176762007259464
-0.748474129669231
0.741286799034745
-0.396992072664731
-0.49005406149962
-0.460058875015648
0.655915883657284
2.74019679062051
1.17198691265076
0.817428426263291
-0.332387055622328
-0.845381655232835
-0.76693270596706
-1.1245676217375
0.72129000804543
0.289051679737926
0.315201329493185
-0.82000111282332
1.3465742801344
0.144459498738263
-0.209329880303466
0.112156990217062
0.349042052705872
0.188298617445608
-0.517741925946365
1.47270788483623
-0.230095778638524
-1.15917745229593
0.185991295408379
-0.751550559052203
-0.0232059026336865
-0.103193066590947
-0.682330897935343
-0.510819959834678
0.306741148690013
-0.220097383143866
-0.13318825307492
-1.06150081938659
-0.143186648569577
-0.180872908510979
-0.0670450213410312
0.982786505598012
0.918181488555609
-1.21455318118942
0.43364386073759
-0.695405722812972
0.828965036449435
-1.09995618667373
-0.185487552585437
0.0798544816958604
0.505939951237421
0.646686595508369
0.65207034692857
-1.61525810832147
-0.545429790393109
0.0990821653394326
-0.305468298521327
1.6173000658359
-0.112422354739862
-0.961516864440011
0.465177261913048
-0.141648433878092
-0.10934592535689
1.08738510461905
0.106004131451119
0.104465916759633
0.0467828658289162
-0.453906016249705
-1.51604326072063
0.882802550651437
-0.217790061106638
-1.90598068501228
2.0064683827818
-0.287009722223498
-0.795389677759548
-0.746166807632003
-0.410836004888103
0.235214165535924
-0.811540932020148
0.313663114801699
-0.6761780391694
0.292128109120898
-0.124728072271748
-0.801542536525491
-1.72908599549142
1.56730808836261
-0.313159371978756
0.910490415098181
-0.770009135350032
0.0837000184245746
-1.22224425464685
0.20214254966898
-1.80138208599125
-1.10072529401947
-1.00766330518458
-0.895373632706123
0.92894899139601
0.358271340854786
0.918181488555609
2.05184571618063
-1.25147033378508
1.59807238219232
-0.410836004888103
0.317508651530413
1.83495744468113
-1.31607535082748
0.859729330279149
-0.629262491079083
-0.226250241909809
-0.55388997119628
0.157534323615892
-0.598498197249368
0.652839454274313
0.540549781795851
-1.14917905680128
0.192913261520065
-0.905372028200781
-0.921523282461381
-0.0362807275113157
-1.00304866111013
-0.0470482303517162
-1.24454836767339
-0.26624382388844
-0.817693790786091
-0.706942332999115
0.852038256821721
-0.683869112626828
1.24659032518782
1.19429102567731
-0.055508411154888
-0.545429790393109
-0.055508411154888
-0.105500388628176
-0.856149158073236
-1.11226190420562
-0.98766651419527
1.01047437004476
-0.387762784515816
0.429029216663132
-1.13072048050345
1.58730487935192
2.03492535457428
1.53346736514992
-0.979975440737841
0.23675238022741
-1.20070924896605
-1.34760875200294
-1.13225869519493
-0.309313835250042
-1.74062260567756
-0.436985654643361
0.208295408434923
0.106004131451119
1.18659995221988
1.31580998630468
1.84803226955876
-1.03227474024836
-1.26454515866271
-1.09918707932799
-0.650028389414142
1.35580356828331
-0.628493383733341
2.39102205565324
0.986632042326727
-0.3408472364255
1.21813335339534
-1.3629908989178
-0.753088773743688
-0.656181248180084
-1.22916622075854
-0.583885157680253
-0.530816750823993
0.219062911275324
0.678219996683828
0.958944177879983
-0.620033202930169
-0.00397821899011424
-0.248554354936354
-0.475441021930505
0.341350979248443
-0.193947733388608
-0.123958964926005
-1.20455478569476
1.06585009893824
-0.787698604302119
-0.92383060449861
3.14013261040682
-1.55296041331629
0.763590912061288
-1.09072689852482
0.495941555742764
-1.01304705660479
1.22120978277831
-0.886913451902951
-1.08995779117907
1.38195321803857
1.20121299178899
-0.847688977270064
-0.441600298717819
-0.976899011354869
-0.58311605033451
1.20582763586345
0.370577058386673
1.41810126328849
-1.1353351245779
2.51561744566359
1.14276083351253
-0.0770434168356889
0.833579680523892
0.233675950844438
0.470561013333248
-0.078581631527175
-0.221635597835352
-0.397761180010474
-0.930752570610296
-1.0868813617961
-1.03996581370579
-0.10934592535689
-0.818462898131834
1.40195000902789
2.18643950168563
-0.406221360813646
-0.634646242499284
0.0160185719992007
0.0183258940364295
-0.683100005281086
-0.713095191765059
1.3035042687728
1.60576345564975
0.127539137131919
-0.313159371978756
-0.200869699500294
-1.16840674044485
2.34872115163738
-1.17071406248208
-1.0438113504345
-0.194716840734351
-0.482362988042192
-0.832306830355206
-1.15840834495019
0.645917488162627
-0.263936501851211
-0.273165790000125
-1.34530142996571
0.0875455551532894
-0.26624382388844
-0.616956773547197
-0.260090965122497
-0.0439718009687447
-0.929983463264553
2.51561744566359
-0.386993677170073
-0.64695196003117
0.282898820971983
-0.917677745732667
-0.960747757094269
1.69574901510167
-0.653104818797113
-0.526202106749536
-0.383917247787102
-0.793082355722319
0.300588289924069
-0.117036998814319
-0.943058288142182
-0.95844043505704
1.49501199786278
2.53561423665291
-0.846150762578578
1.05277527406062
-1.0761138589557
0.597463725380825
-0.033973405474087
-1.43144145268892
0.856652900896179
1.28504569247497
1.60422524095827
0.748977872492174
0.521322098152279
0.618998731061626
-0.30085365444687
0.763590912061288
0.512092810003364
-0.702327688924658
-0.104731281282433
1.0327784830713
0.96355882195444
-0.441600298717819
-0.630800705770569
-0.00320911164437151
-0.711556977073572
-1.56757345288541
-0.831537723009463
0.0490901878661449
0.714368041933744
0.0698560862012026
0.740517691689002
0.239828809610381
-0.722324479913973
-0.610034807435511
-0.239325066787439
-2.03134518236837
2.58637532147194
-0.937674536721982
1.80650047288865
0.809737352805862
0.244443453684839
0.125231815094691
-0.766163598621318
-0.758472525163889
-0.933828999993268
1.37810768130986
-1.06765367815253
1.02893294634259
-1.18455799470545
-1.18840353143416
-1.20147835631179
-0.690791078738515
1.29196765858665
-0.723862694605459
-0.940750966104954
-1.06688457080679
0.267516674057125
0.0990821653394326
1.94109425839365
0.609769442912711
2.22950951304724
-0.790005926339347
-0.70540411830763
-0.294700795680926
-0.310852049941527
1.50193396397446
-0.416988863654046
0.400572244870645
-0.25316899901081
1.09892171480519
0.473637442716219
0.343658301285671
0.0160185719992007
-0.301622761792613
1.83572655202688
0.802046279348433
1.07354117239567
-0.813848254057377
0.0852382331160606
-0.964593293822983
-0.690021971392772
-0.217790061106638
1.65575543312304
2.69635767191317
-0.867685768259379
-0.126266286963234
-1.35529982546037
0.514400132040593
-0.696174830158715
0.279053284243269
0.966635251337411
-0.734630197445859
-0.919215960424153
0.0860073404618034
-0.651566604105627
-1.260699621934
0.522091205498022
-0.412374219579589
-1.07457564426422
-1.02612188148241
-0.751550559052203
1.15199012166145
-0.13857200449512
-0.00474732633585753
-0.481593880696448
-0.442369406063561
-0.379302603712644
-0.0739669874527174
-0.63618445719077
2.88325075692869
1.67190668738364
-0.460058875015648
-1.20147835631179
-1.0653463561153
-0.473133699893277
0.599001940072311
1.22890085623574
0.464408154567305
1.57346094712855
-0.957671327711297
-1.21993693260962
-0.643106423302455
-0.751550559052203
1.18506173752839
-0.75616520312666
0.696678572981658
0.715137149279487
-1.23378086483299
-0.551582649159052
0.0983130579936899
2.22566397631852
-0.103193066590947
-0.398530287356217
-0.578501406260053
1.93801782901068
-0.888451666594437
-1.08072850303016
-0.488515846808135
0.852807364167464
0.00909660588751446
-0.20779166561198
1.98108784037228
-0.413912434271075
-1.12841315846622
-0.609265700089768
0.771281985518718
-0.844612547887093
0.0983130579936899
-0.546968005084594
-0.46313530439862
-0.0978093151707472
1.50193396397446
0.664376064460456
-0.233941315367238
-0.258552750431011
-0.130111823691948
-0.237786852095953
0.918950595901353
1.02431830226813
-0.965362401168726
-0.436216547297618
-0.273165790000125
1.37810768130986
0.627458911864797
0.0752398376214029
-0.381609925749873
0.3405818719027
0.133691995897863
-0.92383060449861
-0.491592276191106
0.0713943008926887
0.775896629593175
0.642841058779655
3.27241907387459
-0.310852049941527
-0.728477338679916
1.52731450638398
1.0112434773905
-0.955364005674068
1.80803868758013
-0.930752570610296
-0.843843440541349
0.823581285029234
-0.437754761989104
0.410570640365302
0.0329389336055442
0.882802550651437
-1.0061250904931
0.595156403343596
-0.855380050727493
-0.286240614877755
0.569775860934081
1.95186176123405
-0.078581631527175
1.03893134183724
0.473637442716219
0.796662527928233
-0.0462791230059735
1.65267900374007
-0.43929297668059
-1.0438113504345
0.634380877976484
0.585927115194681
-0.822308434860548
0.342120086594186
-0.786160389610633
-0.54850621977608
0.214448267200866
1.20967317259217
0.417492606476989
-0.919985067769896
-0.0116692924475432
-0.817693790786091
-0.520818355329336
-1.50450665053449
-0.781545745536176
-0.387762784515816
-0.245477925553381
1.0866159972733
1.62960578336778
0.38057545388133
2.04030910599448
-0.534662287552708
1.36580196377797
-0.959209542402783
-0.999203124381413
0.97971007621504
-0.662334106946028
0.727442866811373
-1.20916942976922
-0.572348547494109
-0.691560186084258
-0.414681541616817
1.01739633615644
2.1625971739676
-0.96920793789744
-0.650028389414142
0.623613375136083
-1.11841476297156
-0.831537723009463
-0.619264095584426
2.21182004409515
1.72343687954841
0.615922301678654
1.39272072087897
-0.177027371782264
-1.44990002898675
-1.05919349734936
-0.724631801951202
-1.00689419783884
-0.456982445632676
-0.0955019931335184
-0.52466389205805
-0.895373632706123
-1.89982782624634
0.179069329296693
-0.868454875605122
-0.397761180010474
-1.38760233398157
0.409032425673817
1.25505050599099
-0.268551145925668
2.54868906153053
-1.46297485386438
-1.56680434553966
-0.373149744946701
-1.16994495513633
-0.070890558069746
-0.615418558855711
0.375960809806873
0.126000922440434
-0.055508411154888
-0.240863281478925
-1.11610744093433
0.177531114605208
-1.33222660508808
-0.281625970803298
-0.916908638386924
-0.0224367952879437
3.86693905213385
-0.523894784712308
0.71590625662523
0.978940968869298
-0.664641428983256
1.78727278924507
-1.06457724876956
-0.500052456994278
-0.626955169041855
0.753592516566631
-1.07765207364719
1.14660637024125
-0.462366197052876
-1.01458527129627
-0.381609925749873
1.22736264154425
0.260594707945439
-1.07149921488124
-1.48912450361963
-0.614649451509969
-1.15687013025871
-1.58910845856621
2.42563188621167
0.523629420189508
-1.32068999490194
-0.142417541223835
0.366731521657958
-0.620802310275912
-0.936136322030496
-0.806926287945691
1.90033156906928
-1.4598984244814
-1.2553158705138
-1.00535598314736
-1.40452269558792
-1.4598984244814
0.136768425280834
0.455947973764133
-0.87845327109978
0.673605352609371
-0.0655068066495457
0.0944675212649751
1.0435459859117
-0.393915643281759
0.563623002168138
0.504401736545935
0.636688200013712
-0.633877135153541
0.148305035466978
-0.738475734174574
-0.447753157483762
-1.15763923760445
1.10661278826262
-1.44990002898675
-0.354691168648872
-1.287618379035
-0.360844027414815
0.139075747318063
1.39425893557046
-0.233941315367238
0.764360019407032
-1.22301336199259
0.660530527731741
-0.440062084026333
2.15798252989315
0.991246686401184
-0.113191462085605
-0.758472525163889
-0.748474129669231
-1.24301015298191
0.00986571323325774
-1.63217846992781
1.78188903782487
0.80666092342289
-0.966900615860212
